K = { "k1" };
H = { "h1" };
E = { "e1", "e2", "e3" };
A = { "a_NoAction", "a_Inspect", "a_MinorRepair", "a_Replace" };
P = { "p1" };
N = { "n1" };
S_Available = {1};

COST_INSPECT = 800;
COST_MINOR_REPAIR = 1200;
COST_REPLACE = 3000;
PRODUCTION_LOSS_MINOR_FAULT = 0.1;
PRODUCTION_LOSS_MAJOR_FAULT = 0.3;
PRODUCTION_LOSS_CRITICAL_FAULT = 0.3;
PRODUCTION_LOSS_CRITICAL_STOP = 1.0;
BETA = 0.95;
AVAIL_THRESHOLD = 0.64;

C_maintain = 
[
  [ [800] ],   
  [ [800] ],   
  [ [1200] ]    
];

C_produce = 
[
  [10]
];

STATE_SEVERITY = [0, 1, 1, 2, 2, 4];

UNIT_PRODUCTION_CAP = [1000, 1200, 800];

TOTAL_DEMAND = [[500]];

Q_matrix = [
  // e1
  [
    // k1
    [
      // h1
      [
        [-0.28, 0.28, 0, 0, 0, 0],  
        [0.5, -0.5, 0, 0, 0, 0],  
        [0, 0, -0.28, 0.28, 0, 0],  
        [0, 0, 0.8, -1.08, 0.28, 0],  
        [0, 0, 0.5, 0, -1.1, 0.6],  
        [0, 0, 0, 0.5, 0, -0.5]  
      ]
    ]
  ],
  // e2
  [
    [
      [
        [-0.28, 0.28, 0, 0, 0, 0],
        [0.5, -0.5, 0, 0, 0, 0],
        [0, 0, -0.28, 0.28, 0, 0],
        [0, 0, 0.8, -1.08, 0.28, 0],
        [0, 0, 0.5, 0, -1.1, 0.6],
        [0, 0, 0, 0.5, 0, -0.5]
      ]
    ]
  ],
  // e3
  [
    [
      [
        [-0.28, 0.28, 0, 0, 0, 0],
        [0.5, -0.5, 0, 0, 0, 0],
        [0, 0, -0.28, 0.28, 0, 0],
        [0, 0, 0.8, -1.08, 0.28, 0],
        [0, 0, 0.5, 0, -1.1, 0.6],
        [0, 0, 0, 0.5, 0, -0.5]
      ]
    ]
  ]
];

R_inst = [
  // e1
  [
    // k1
    [
      // h1
      [
        // s=1
        [
          [50, 0, 0, 0, 0, 0],          // a_Inspect
          [10000000, 0, 0, 0, 0, 0],    // a_MinorRepair
          [10000000, 0, 0, 0, 0, 0]     // a_Replace
        ],
        // s=2
        [
          [0, 50.1, 0, 0, 0, 0],
          [200.1, 0, 0, 0, 0, 0],
          [0, 10000000.1, 0, 0, 0, 0]
        ],
        // s=3
        [
          [0, 0, 50.1, 0, 0, 0],
          [200.1, 0, 0, 0, 0, 0],
          [0, 0, 10000000.1, 0, 0, 0]
        ],
        // s=4
        [
          [0, 0, 0, 50.3, 0, 0],
          [0, 0, 0, 10000000.3, 0, 0],
          [500.3, 0, 0, 0, 0, 0]
        ],
        // s=5
        [
          [0, 0, 0, 0, 50.3, 0],
          [0, 0, 0, 0, 10000000.3, 0],
          [500.3, 0, 0, 0, 0, 0]
        ],
        // s=6
        [
          [0, 0, 0, 0, 0, 51],
          [0, 0, 0, 0, 0, 10000001],
          [501, 0, 0, 0, 0, 0]
        ]
      ]
    ]
  ],
  // e2
  [
    [
      [
        // s=1
        [
          [50, 0, 0, 0, 0, 0],
          [10000000, 0, 0, 0, 0, 0],
          [10000000, 0, 0, 0, 0, 0]
        ],
        // s=2
        [
          [0, 50.1, 0, 0, 0, 0],
          [200.1, 0, 0, 0, 0, 0],
          [0, 10000000.1, 0, 0, 0, 0]
        ],
        // s=3
        [
          [0, 0, 50.1, 0, 0, 0],
          [200.1, 0, 0, 0, 0, 0],
          [0, 0, 10000000.1, 0, 0, 0]
        ],
        // s=4
        [
          [0, 0, 0, 50.3, 0, 0],
          [0, 0, 0, 10000000.3, 0, 0],
          [500.3, 0, 0, 0, 0, 0]
        ],
        // s=5
        [
          [0, 0, 0, 0, 50.3, 0],
          [0, 0, 0, 0, 10000000.3, 0],
          [500.3, 0, 0, 0, 0, 0]
        ],
        // s=6
        [
          [0, 0, 0, 0, 0, 51],
          [0, 0, 0, 0, 0, 10000001],
          [501, 0, 0, 0, 0, 0]
        ]
      ]
    ]
  ],
  // e3
  [
    [
      [
        // s=1
        [
          [50, 0, 0, 0, 0, 0],
          [10000000, 0, 0, 0, 0, 0],
          [10000000, 0, 0, 0, 0, 0]
        ],
        // s=2
        [
          [0, 500.1, 0, 0, 0, 0],
          [2000.1, 0, 0, 0, 0, 0],
          [0, 10000000.1, 0, 0, 0, 0]
        ],
        // s=3
        [
          [0, 0, 50.1, 0, 0, 0],
          [200.1, 0, 0, 0, 0, 0],
          [0, 0, 10000000.1, 0, 0, 0]
        ],
        // s=4
        [
          [0, 0, 0, 50.3, 0, 0],
          [0, 0, 0, 10000000.3, 0, 0],
          [500.3, 0, 0, 0, 0, 0]
        ],
        // s=5
        [
          [0, 0, 0, 0, 50.3, 0],
          [0, 0, 0, 0, 10000000.3, 0],
          [500.3, 0, 0, 0, 0, 0]
        ],
        // s=6
        [
          [0, 0, 0, 0, 0, 51],
          [0, 0, 0, 0, 0, 10000001],
          [501, 0, 0, 0, 0, 0]
        ]
      ]
    ]
  ]
];


P_transition = [
  // e1
  [
    // k1
    [
      // h1
      [
        // s=1
        [
          [0.997, 0.003, 0, 0, 0, 0],         // a_NoAction
          [1, 0, 0, 0, 0, 0],                 // a_Inspect
          [1, 0, 0, 0, 0, 0],                 // a_MinorRepair
          [1, 0, 0, 0, 0, 0]                  // a_Replace
        ],
        // s=2
        [
          [0.005, 0.995, 0, 0, 0, 0],
          [0, 1, 0, 0, 0, 0],
          [1, 0, 0, 0, 0, 0],
          [0, 0, 1, 0, 0, 0]
        ],
        // s=3
        [
          [0.997, 0, 0.003, 0, 0, 0],
          [0, 0, 1, 0, 0, 0],
          [1, 0, 0, 0, 0, 0],
          [0, 0, 0, 1, 0, 0]
        ],
        // s=4
        [
          [0.00797607, 0, 0, 0.98903290, 0.00299103, 0],
          [0, 0, 0, 1, 0, 0],
          [0, 0, 0, 1, 0, 0],
          [1, 0, 0, 0, 0, 0]
        ],
        // s=5
        [
          [0.00498504, 0, 0, 0, 0.98903290, 0.00598205],
          [0, 0, 0, 0, 1, 0],
          [0, 0, 0, 0, 1, 0],
          [1, 0, 0, 0, 0, 0]
        ],
        // s=6
        [
          [0, 0, 0, 0.00499002, 0, 0.99500998],
          [0, 0, 0, 0, 0, 1],
          [0, 0, 0, 0, 0, 1],
          [1, 0, 0, 0, 0, 0]
        ]
      ]
    ]
  ],
  // e2
  [
    // k1
    [
      // h1
      [
        // s=1
        [
          [0.997, 0.003, 0, 0, 0, 0],
          [1, 0, 0, 0, 0, 0],
          [1, 0, 0, 0, 0, 0],
          [1, 0, 0, 0, 0, 0]
        ],
        // s=2
        [
          [0.005, 0.995, 0, 0, 0, 0],
          [0, 1, 0, 0, 0, 0],
          [1, 0, 0, 0, 0, 0],
          [0, 0, 1, 0, 0, 0]
        ],
        // s=3
        [
          [0.997, 0, 0.003, 0, 0, 0],
          [0, 0, 1, 0, 0, 0],
          [1, 0, 0, 0, 0, 0],
          [0, 0, 0, 1, 0, 0]
        ],
        // s=4
        [
          [0.00797607, 0, 0, 0.98903290, 0.00299103, 0],
          [0, 0, 0, 1, 0, 0],
          [0, 0, 0, 1, 0, 0],
          [1, 0, 0, 0, 0, 0]
        ],
        // s=5
        [
          [0.00498504, 0, 0, 0, 0.98903290, 0.00598205],
          [0, 0, 0, 0, 1, 0],
          [0, 0, 0, 0, 1, 0],
          [1, 0, 0, 0, 0, 0]
        ],
        // s=6
        [
          [0, 0, 0, 0.00499002, 0, 0.99500998],
          [0, 0, 0, 0, 0, 1],
          [0, 0, 0, 0, 0, 1],
          [1, 0, 0, 0, 0, 0]
        ]
      ]
    ]
  ],
  // e3
  [
    // k1
    [
      // h1
      [
        // s=1
        [
          [0.997, 0.003, 0, 0, 0, 0],
          [1, 0, 0, 0, 0, 0],
          [1, 0, 0, 0, 0, 0],
          [1, 0, 0, 0, 0, 0]
        ],
        // s=2
        [
          [0.005, 0.995, 0, 0, 0, 0],
          [0, 1, 0, 0, 0, 0],
          [1, 0, 0, 0, 0, 0],
          [0, 0, 1, 0, 0, 0]
        ],
        // s=3
        [
          [0.997, 0, 0.003, 0, 0, 0],
          [0, 0, 1, 0, 0, 0],
          [1, 0, 0, 0, 0, 0],
          [0, 0, 0, 1, 0, 0]
        ],
        // s=4
        [
          [0.00797607, 0, 0, 0.98903290, 0.00299103, 0],
          [0, 0, 0, 1, 0, 0],
          [0, 0, 0, 1, 0, 0],
          [1, 0, 0, 0, 0, 0]
        ],
        // s=5
        [
          [0.00498504, 0, 0, 0, 0.98903290, 0.00598205],
          [0, 0, 0, 0, 1, 0],
          [0, 0, 0, 0, 1, 0],
          [1, 0, 0, 0, 0, 0]
        ],
        // s=6
        [
          [0, 0, 0, 0.00499002, 0, 0.99500998],
          [0, 0, 0, 0, 0, 1],
          [0, 0, 0, 0, 0, 1],
          [1, 0, 0, 0, 0, 0]
        ]
      ]
    ]
  ]
];

